eval_HasAns_exact = 60.89902868759883
eval_HasAns_f1 = 71.34633610337438
eval_HasAns_total = 4427
eval_best_exact = 60.89902868759883
eval_best_exact_thresh = 0.0
eval_best_f1 = 71.34633610337438
eval_best_f1_thresh = 0.0
eval_exact = 60.89902868759883
eval_f1 = 71.34633610337438
eval_total = 4427
